0;S;1,33,395,432,840,683,61
1;S;0,2,12,13,23,24,56,22,40,121,66,138,139,76,174,88,21,11,194,202,203,151,266,55,279,152,293,314,315,316,317,129,324,343,344,351,78,368,43,396,32,404,77,408,64,441,442,478,416,73,490,389,132,565,566,576,33,17,284,20,261,191,601,296,405,473,3,38,592,651,661,104,526,14,693,85,703,60,709,50,711,94,124,184,217,331,283,770,459,415,771,327,391,259,828,652,615,677,544,498,31,355,561,161,99,294,644,376,530,197,384,669,274,535,141,664,34,888,61,591,378,254,499,895,474,292,861,503,913,218,588,385,272,156
2;S;1,3,523,22,32,174
3;I;1,2,4,15,11,26,27,522,523,190,531,56,24,627,545,95,37,655,699,228,646,101,389,303,127,40,849,438,88,484,884,22,465,96,307
4;S;3,5,32,50,64,724
5;S;4,6,234,96,67,352,358,20,186,675,90,585
6;S;5,7,562,39,744,544,66,64
7;I;6,8,30,31,33,22
8;S;7,9,317,241,11,328,489,553
9;S;8,10,32,49,379,219,29,96
10;S;9,11
11;S;1,3,8,10,12,16,20,34,50,32,40,97,105,106,186,187,192,138,193,210,211,318,319,327,204,341,397,398,407,19,439,141,443,444,33,488,508,17,356,206,487,198,390,326,562,459,581,584,422,76,254,330,586,266,29,22,21,621,622,150,630,321,634,635,636,647,648,680,343,24,88,485,286,722,460,726,432,542,737,164,325,95,741,241,148,434,182,56,122,632,23,498,537,637,395,806,567,87,570,272,774,270,835,624,838,174,113,510,565,13,705,283,863,64,91,30,760,31,219,502,229,828,323,903,102,96,294,480,130,72,351,424,921,759,307,417,796
12;S;1,11,254,68,184,646,56,370
13;I;1,11,14,126,127,182,56,21,287,20,431,58,473,441,454,353,33,445,493,391,523,703,701,101,52,193,36,579,665,198,327,718,689,176,731,416,816,34,143,78,624,38,340,307,88,428,235,467,817,900,128,19
14;S;1,13,15,34,474,504,505,176,351,122,398,60,889,22,193
15;S;3,14
16;S;11,17,112,439,232,631,861
17;S;1,11,16,18,20,256,485,23,99,366,19,593,55,444,639,40,287,210,275,32,383,461,161,245,21,374,258,331,232,263,76,22,294,404,64,113,567,144,501,585
18;S;17,19,265,662,691,926
19;S;11,13,17,18,20,21,22,135,32,173,31,277,217,307,339,95,408,36,40,564,188,523,55,384,351,33,219,661,78,218,24,389,385,39
20;S;1,5,11,13,17,19,21,62,102,103,184,255,131,291,307,64,161,32,195,359,90,272,367,430,449,477,80,219,505,349,377,143,356,88,34,294,196,523,390,458,97,323,596,198,331,91,278,76,183,59,618,206,67,671,691,174,699,244,743,744,210,777,415,333,588,193,817,818,122,571,488,60,499,851,853,42,421,859,33,484,283,647,882,669,96,432,702,688,916,380,461,40,29,518,254,113,38,839
21;S;1,11,13,17,19,20,24,25,40,43,101,34,134,156,33,185,191,286,342,316,361,95,179,390,406,362,80,32,489,263,152,22,576,94,246,29,409,38,210,641,97,352,508,649,104,453,653,677,138,201,674,118,688,575,671,326,513,64,759,439,785,373,471,684,23,127,154,909,910,53,624,338,527,738,437
22;I;1,2,3,7,11,14,17,19,21,23,57,177,178,199,200,205,31,76,34,210,108,206,312,440,446,447,445,465,32,495,519,50,351,604,152,692,266,124,729,436,392,751,752,658,109,196,774,116,40,444,637,801,64,62,353,629,373,548,804,88,734,182,890,713,817,96,686,442,84,652,914,433,927,454
23;S;1,11,17,21,22,32,70,82,50,92,24,224,302,306,129,366,272,152,76,486,170,235,165,505,33,72,263,441,622,40,682,499,583,579,288,58,472,704,389,122,629,193,127,283,482,145,238,143,96,829,136,446,707,438,404,856,356,553,262,123,625,131,714,157,615,128,471,161,813,338,919,142,417,747,94,559,174,925,454,931
24;S;1,3,11,19,21,23,45,46,179,360,74,419,409,266,40,600,32,544,183,76,95,408,275,101,106,767,60,852,27,853,42,287,164,62,34,878,170,341,174,711,516,523,526,658,594,934
25;S;21,26,137,668,56,389
26;S;3,25,60,32
27;S;3,24,28,226
28;S;27,29,765,375
29;S;9,11,20,21,28,30,213,404,487,321,631,700,436,779,38,439,869,40,50
30;S;7,11,29,358,243,608,327,184,794,32,620,294,33
31;S;1,7,11,19,22,32,53,54,98,99,50,55,280,33,76,354,355,389,34,287,513,433,465,152,351,241,326,752,425,349,757,251,238,861,272,40,384,96
32;S;1,2,4,9,11,17,19,20,21,22,23,24,26,30,31,33,48,51,52,61,69,77,78,82,83,84,87,88,97,66,113,114,117,118,130,131,136,137,142,143,144,145,146,174,175,181,182,203,204,220,221,223,179,227,228,244,245,151,253,284,210,272,341,342,352,353,371,372,56,381,91,209,400,401,50,414,184,436,437,438,452,232,469,34,161,58,492,497,498,307,461,390,67,294,518,89,376,519,520,524,141,53,96,593,261,571,36,59,623,109,193,642,644,646,247,170,667,416,453,402,548,687,457,695,545,369,428,487,532,705,442,165,76,720,351,60,326,693,101,723,738,474,95,176,784,40,709,588,789,122,632,413,254,797,721,108,805,258,807,819,824,127,559,281,271,190,270,335,851,302,795,865,292,699,867,786,800,467,38,881,883,669,785,568,891,634,266,237,659,79,591,378,804,46,901,829,581,263,293,671,914,869,917,183,928,432,673,447,605,698
33;S;0,1,7,11,13,19,20,21,23,30,31,32,34,157,222,223,238,239,56,76,273,274,287,58,330,347,348,90,360,394,422,38,424,425,421,40,512,331,179,367,555,354,565,570,571,575,97,578,409,554,55,50,159,684,64,691,96,611,705,67,88,749,75,676,193,802,383,810,332,831,338,503,199,564,385,263,862,283,585,413,194,459,866,455,656,790,138,767,432,258,506,232,537,183,892,893,467,68,292,441,182,904,499,267,141,583,715,624
34;S;1,11,13,14,20,21,22,24,31,32,33,35,63,74,62,41,127,77,217,255,144,140,476,337,58,506,152,515,90,245,542,332,331,546,548,561,65,324,385,228,651,221,40,702,39,629,108,827,95,677,76,193,850,64,50,413,351,96,38,179,842,790,316,455,857,157,122,266
35;S;34,36,209,210,335,143
36;S;13,19,32,35,37,482,40,523,96,725,50,91,239,543,193,739,572,39,137,913,693,518
37;S;3,36,38,369,95,97
38;S;1,13,20,21,29,32,33,34,37,39,64,158,312,121,423,303,369,283,605,652,670,526,111,193,780,802,604,232,461,561,414,520,658,157,228,455,92,91,143,137,371
39;S;6,19,34,36,38,40,375,376,56,330,76,768,485,61,198,403
40;S;1,3,11,17,19,20,21,22,23,24,29,31,32,33,34,36,39,41,42,75,50,95,56,106,201,202,289,290,183,417,232,108,492,493,219,96,332,543,143,433,426,598,599,612,66,195,408,618,663,165,198,461,694,472,631,729,254,746,176,60,803,76,67,362,748,563,734,302,751,54,331,168,390,723,807,215,886,577,157,441,761,409,521,280,132,335,164
41;S;34,40,42,102
42;S;20,24,40,41,93,162
43;S;1,21,44,386,505,413
44;I;43,45,602,115
45;S;24,44
46;S;24,32,47,897
47;S;46,48,96,64,715,80
48;S;32,47,243,244,847,848
49;S;9,50,228,229,76,483,261,403
50;S;1,4,11,22,23,29,31,32,33,34,36,40,49,51,72,83,94,132,133,144,145,206,64,516,517,331,484,550,295,685,163,259,710,454,485,161,282,724,725,324,523,757,846,96,852,106,745,326,391,146,260,870,292,219,848,634,385,780,581,902,765,828,461,911,141,588,425,923,416,868,100,924
51;S;32,50,713,104
52;S;13,32,53,88,734,178,64,66,767,182,67
53;S;21,31,32,52,241,125,254,390,432,869
54;S;31,40,55,548,309,76
55;S;1,17,19,31,33,54,56,242,243,286,665,666,581,116,64,763
56;S;1,3,11,12,13,25,32,33,39,40,55,96,183,263,64,282,165,89,349,327,553,640,643,473,647,436,508,413,274,192,198,210,385,343,146,736,67,254,335
57;S;22,58,231
58;S;13,23,32,33,34,57,59,90,91,108,109,188,189,122,472,404,170,232,99,581
59;S;20,32,58,60,486,404
60;S;1,14,20,24,26,32,40,59,196,197,296,193,228,693,487,241,216,608,761,461,189,294,425,67,263,463,886,681,543,888
61;S;0,1,32,39,62,642
62;S;20,22,24,34,61,75,64,76,419,420,803,359,210,525,371
63;S;34,64
64;S;1,4,6,11,17,20,21,22,33,34,38,47,50,52,55,56,62,63,65,157,189,108,235,236,95,238,266,281,297,76,308,348,182,272,412,433,409,219,199,390,488,590,263,262,657,295,723,413,722,715,690,757,122,439,127,88,459,362,309,435,87,144,312,210,554,623,520,298,455,170,878,879,232,911,862,480,558,193,467,838,116
65;S;34,64,66,267,501,527,327,709,462,432,795,351,860,579,254,284,458,378,389
66;S;1,6,32,40,52,65,67,98,122,416,417,190,511,233,76,121,739,232,316,455,855,425,897
67;S;5,20,32,33,40,52,56,60,66,68,129,130,152,126,300,301,254,97,84,79,540,148,76,499,755,182,474,373,804,814,404,537,236,742,907,352
68;S;12,33,67,69,179,296,253,655,232,745,630,434
69;S;32,68,320,321
70;S;23,71,274,451
71;S;70,72
72;S;11,23,50,71,73,81,351,565,487,911,868,191
73;I;1,72,74,247
74;S;24,34,73,418
75;S;33,40,62,76,91,179,180,269,617,203
76;S;1,11,17,20,22,23,24,31,32,33,34,39,40,49,54,62,64,66,67,75,77,95,96,173,216,251,129,288,292,298,303,241,318,340,375,503,127,509,101,113,270,376,132,539,390,354,556,255,161,580,346,432,428,321,452,613,91,617,553,593,639,545,254,652,202,247,690,365,183,201,144,373,122,748,88,392,326,311,805,620,384,406,833,728,356,563,621,179,264,222,510,523,456,856,786,879,172,296,848,889,170,906,742,908,403,141,925,351,676,583
77;S;1,32,34,76,186,405
78;I;1,13,19,32,79,254,367,381,585,586,587,533,127,433,95,821,360,287
79;I;32,67,78,80,517,776,737,414
80;S;20,21,47,79,81,504,658,498
81;S;72,80
82;S;23,32
83;S;32,50
84;S;22,32,67,85,116
85;S;1,84,86,324,755,424,837,738,349,331
86;S;85,87,237,154
87;S;11,32,64,86,729
88;S;1,3,11,13,20,22,32,33,52,64,76,89,178,179,190,184,450,457,458,106,526,254,544,152,201,706,143,132,765,766,266,804,362,384,859,870,138,605,323,232,577,376,103
89;S;32,56,88,90
90;S;5,20,33,34,58,89,91,166,535,719,182,487,636,347,681
91;S;11,20,32,36,38,58,75,76,90,148,149,163,164,165,323,129,363,364,378,379,255,463,292,487,573,716,732,122,612,770,820,538,198,232,254,416,932,435
92;S;23,38,93,115,254,367,393,304,532,693
93;S;42,92,94,668,658,335
94;S;1,21,23,50,93,589,95,581
95;S;3,11,19,21,24,32,34,37,40,64,76,78,94,107,124,125,194,195,237,177,377,381,603,459,681,165,573,424,608,236,729,331,771,349,344,712,347,441,842,647,136
96;S;3,5,9,11,20,22,23,31,32,33,34,36,40,47,50,56,76,123,124,170,171,235,275,241,161,311,338,328,372,373,323,121,554,600,271,664,152,453,781,807,497,210,446,487,621,484,329,860,204,429,97,636,568,264,179,102,394,425,191,693,331,405,263,932
97;S;11,20,21,32,33,37,67,96,328,161,152,227,210,470,487,356
98;S;31,66,821,822
99;S;1,17,31,58,100,263,432,232,658,446
100;I;50,99,101,489
101;S;3,13,21,24,32,76,100,474,844,845
102;S;11,20,41,96,232,660,294,392
103;S;20,88,104,354,174
104;S;1,21,51,103,105,272,273,284,314,391,392,263
105;S;11,104,215,359
106;S;11,24,40,50,88,298,299,481,482,390,203,543,635,373,193,174,860,279
107;S;95,108,254,255,171,390
108;S;22,32,34,40,58,64,107,181,296,193,826
109;S;22,32,58,110,433,633
110;S;109,111
111;S;38,110,112,255
112;S;16,111,113,349,397,778
113;S;11,17,20,32,76,112,232,233,349,136,163,588,356,614,705,785,786,854,499,433
114;S;32,115,562,254,428,588
115;S;44,92,114,116,173,303
116;S;22,55,64,84,115,117,124,733,254,317
117;S;32,116
118;S;21,32,119
119;S;118,120
120;S;119,121
121;I;1,38,66,96,120,164,270,351
122;S;11,14,20,23,32,34,58,64,66,76,91,123,313,284,143,357,358,161,477,657,316,671,217,254,702,480,747,592,487,661,351,800,658,819,263,245,144,872,469,905
123;S;23,96,122,655,656,359,857,262
124;S;1,22,95,96,116,437,622,253,508,728,150,537,864,263
125;S;53,95,126,128,129,183,444,381,392,565,482,163,848,719
126;S;13,67,125,127,128,153
127;S;3,13,21,23,32,34,64,76,78,126,185,504,136,742,617,729,497,263
128;S;13,23,125,126,237,186,528,712
129;S;1,23,67,76,91,125,264,307
130;S;11,32,67,571,572,326,679,916
131;S;20,23,32,132,237,349
132;S;1,40,50,76,88,131,369,234
133;S;50,134
134;S;21,133,434,435
135;S;19,136,234,184,183,890,711,335
136;S;23,32,95,113,127,135,240,241,249,250,143,307,350,322,534,289,585,326,268,391,138
137;I;25,32,36,38,138,163,619,650
138;S;1,11,21,33,88,136,137,466,157,484,228
139;S;1,140,420,421
140;S;34,139,141,473,509
141;S;1,11,32,33,50,76,140,142,362,407,384,326,446,461,462,519,449,583,201,343,513,221,740,741,266,830,166
142;S;23,32,141,215,216,494,210,144,521,264,389
143;S;13,20,23,32,35,38,40,88,122,136,230,231,329,336,328,273,487,413,179,183,680,523,428,152,363
144;S;17,32,34,50,64,76,122,142,387,520,316,174,201,258,434,187,636,212,871,437
145;S;23,32,50,711
146;S;32,50,56,147,408,581
147;S;146,148
148;S;11,67,91,147,454,722,613
149;S;91,150,414,574,564,498
150;S;11,124,149,151,384,390,625,793
151;S;1,32,150,152,246,250,532,533,606,384
152;S;1,21,22,23,31,34,67,88,96,97,143,151,217,322,244,367,592,620,694,695,701,369,643,693,869,263,727,499,501,911
153;S;126,154,385,161,624,432
154;S;21,86,153,155
155;S;154,156,459,320,167,919
156;S;1,21,155,460
157;S;23,33,34,38,40,64,138,349,360,519,414,884,409,479,432,903
158;S;38,159
159;S;33,158,160,663
160;S;159,161,365,580
161;S;1,17,20,23,32,50,76,96,97,122,153,160,162,247,248,220,467,468,496,497,254,561,292,323,745,825,630,856,294
162;S;42,161,163,341,325
163;S;50,91,113,125,137,162,206,618,701,425,233,741,245,652
164;S;11,24,40,91,121,165,196,737,273,562
165;S;23,32,40,56,91,95,164,298,322,172,293,432,530,599,236,717,523,653,712,487,814,830,332,693,212,218
166;S;90,141,167,293,294,767
167;S;155,166,168,460
168;I;40,167,169,864
169;S;168,170
170;S;23,24,32,58,64,76,96,169,224,254,331,444,581,711,184,480,864
171;S;96,107,172,316
172;S;76,165,171,173,409,502,523,284
173;S;19,76,115,172
174;S;1,2,11,20,23,24,32,103,106,144,561,783,484,924
175;S;32,176
176;S;13,14,32,40,175,177,254,811
177;S;22,95,176,376
178;S;22,52,88,472
179;S;21,24,32,33,34,68,75,76,88,96,143,295,382,547,465,666,425,435,723,392
180;S;75,181
181;S;32,108,180,190,536,537,435,567,203,887,921,384
182;S;11,13,22,32,33,52,64,67,90,296,398,366
183;S;20,24,32,33,40,56,76,125,135,143,184,276,316,461,241,718,719,245
184;S;1,12,20,30,32,88,135,170,183,415,390,722,784,266,630,504,219,437
185;S;21,127,378,466
186;S;5,11,77,128,664,434
187;S;11,144,188,311
188;S;19,58,187,210,839,232
189;S;58,60,64,441
190;S;3,32,66,88,181,432,505,643,827
191;S;1,21,72,96,192,261,262,263
192;S;11,56,191,232
193;S;11,13,14,20,23,32,33,34,36,38,60,64,106,108,294,291,315,349,346,262,195,272,727,432,520,333,802,233,741,487,331,232,660,671,363
194;S;1,33,95,571
195;S;20,40,95,193,196,329,295,350,461,432
196;S;20,22,60,164,195,313,222,386,513,514,518,274,537,391
197;S;1,60,198,670
198;S;11,13,20,39,40,56,91,197,199,248,249,537,219,270,772,773,877,506,659
199;S;22,33,64,198,478,254,389,827
200;S;22,201,675,430
201;S;21,40,76,88,141,144,200,454
202;S;1,40,76,499
203;S;1,32,75,106,181
204;S;11,32,96,205,340,807
205;S;22,204
206;S;11,20,22,50,163,207,349,483,484,428,719,849
207;S;206,208,836,564
208;S;207,209
209;S;32,35,208,397
210;S;11,17,20,21,22,32,35,56,62,64,96,97,142,188,232,285,254,354,426,577,351,688,689,635,604,841,432,283
211;S;11,212
212;S;144,165,211,213
213;S;29,212,214,421,625,411
214;S;213,215
215;S;40,105,142,214,401,702
216;S;60,76,142,223
217;S;1,19,34,122,152,218
218;S;1,19,165,217,219,615,616,790,791,795,564,487,533,261
219;S;9,11,19,20,40,50,64,184,198,218,220,380,232,418,511,444,460,689,319,740,323,605,883,693
220;S;32,161,219,310
221;S;32,34,141,222,545,487
222;S;33,76,196,221,385,860
223;I;32,33,216,390,243,340,823,699,320,804
224;S;23,170,225,507
225;S;224,226,710,727
226;S;27,225,227,498,735,355,251,505
227;I;32,97,226,314,802
228;S;3,32,34,38,49,60,138,325,609,897,922,715
229;S;11,49,230,880
230;S;143,229
231;S;57,143
232;S;16,17,32,33,38,40,58,64,66,68,88,91,99,102,113,188,192,193,210,219,362,363,453,587,659,466,784,823,826,554,335,552,294,523,321,390,356,676
233;S;66,113,163,193,234,613
234;S;5,132,135,233,750,921
235;S;13,23,64,96,288,289,501,623,497,581
236;S;64,67,95,165,237,283,731,633
237;S;32,86,95,128,131,236,290,471
238;S;23,31,33,64,505,386
239;S;33,36,240,762
240;S;136,239,829,784
241;S;8,11,31,53,60,76,96,136,183,242,661,265,705,544,745,930,454,741,673
242;S;55,241,457,674
243;S;30,48,55,223,359,454,798,799
244;S;20,32,48,152,291,292,701
245;S;17,32,34,122,163,183,333,334,536,787,752,479,922
246;S;21,151,247,533
247;S;32,73,76,161,246,479,729,730
248;S;161,198
249;S;136,198,523,316
250;S;136,151,327,529
251;S;31,76,226,252
252;S;251,253
253;S;32,68,124,252,532,623
254;S;1,11,12,20,32,40,53,56,65,67,76,78,88,91,92,107,114,116,122,161,170,176,199,210,311,312,353,370,371,524,545,560,414,391,554,595,532,451,714,342,255,283,811,724,399,658
255;S;20,34,76,91,107,111,254,570,757,585
256;I;17,257
257;S;256,258
258;S;17,32,33,144,257,259,806,627
259;S;1,50,258,260,472,794
260;S;50,259,261,561
261;S;1,32,49,191,218,260,487,490,629,630,430,676,309,740,912,583
262;S;23,64,123,191,193,263,607,628,580,631
263;S;17,21,23,32,33,56,60,64,96,99,104,122,124,127,152,191,262,579,591,597,804,847,321,891,312,605
264;S;76,96,129,142,265,296,297,894
265;S;18,241,264,266,751,533
266;S;1,11,22,24,32,34,64,88,141,184,265,276,426,427,472,480,591,603,629,717,734,792,768,739,893,692,878,928
267;S;33,65,268,907
268;S;136,267,269,550,840,828
269;S;75,268,270,616
270;S;11,32,76,121,198,269,271,293,563,594,461
271;S;32,96,270,272,601,281,705,294
272;S;1,11,20,23,31,32,64,104,193,271,324,411,715,408,487,558,718,826,690
273;S;33,104,143,164,386,605,554,670
274;S;1,33,56,70,196,275,713,840,349,383
275;S;17,24,96,274,491,337
276;S;183,266
277;S;19,278
278;S;20,277,279,614,835,836
279;S;1,106,278,307
280;S;31,40,281,523
281;S;32,64,271,280,316,343,580,760
282;S;50,56,283,624,425
283;S;1,11,20,23,33,38,210,236,254,282,284,681,315,606,707,915,405,927
284;S;1,32,65,104,122,172,283,309,310,523,379,808,809,447,903,384,813
285;S;210,286
286;S;11,21,55,285,330,505,487,718,569,327
287;S;13,17,24,31,33,78,512,654
288;S;23,76,235,321
289;S;40,136,235,535,567,445
290;S;40,237
291;S;20,193,244,404,546,342,834,559
292;S;1,32,33,50,76,91,161,244,374,464,569,412,405,459
293;S;1,32,165,166,270,543
294;S;1,11,17,20,30,32,60,102,161,166,193,232,271,295,403,390,540,584,538,861,305,557
295;S;50,64,179,195,294,528
296;S;1,60,68,76,108,182,264
297;S;64,264
298;S;64,76,106,165,380,544
299;S;106,300,749,436,738,873
300;S;67,299
301;S;67,302
302;S;23,32,40,301,681,742,592
303;S;3,38,76,115,304,351
304;S;92,303,305,459,544,349
305;S;294,304,306,505,326,785
306;S;23,305,499,500,377
307;S;3,11,13,19,20,32,129,136,279,487,894,849,872
308;S;64,309,329,754,688,505
309;S;54,64,261,284,308,659,910,315
310;S;220,284,346,347
311;S;76,96,187,254
312;S;22,38,64,254,263,384,418,557
313;S;122,196
314;S;1,104,227,323
315;S;1,193,283,309,316,474,550,701
316;S;1,21,34,66,122,144,171,183,249,281,315,495,496,658,698,730,440,788,433,408,783,592,796
317;S;1,8,116,349,545,798
318;S;11,76,459,460
319;S;11,219,320,487
320;S;69,155,223,319
321;S;11,29,69,76,232,263,288,322,550,656,631,428
322;S;136,152,165,321,323,444,445
323;S;11,20,88,91,96,161,219,314,322,387,388,484,485,579,434,498
324;S;1,34,50,85,272,454,496,702,340,421
325;S;11,162,228,326,738,707
326;S;11,21,31,32,50,76,130,136,141,305,325,327,445,678,726,547,842,785
327;I;1,11,13,30,56,65,250,286,326,528,490,592,628
328;S;8,96,97,143,457,390
329;S;96,143,195,308,335,408
330;S;11,33,39,286,331,408
331;S;1,17,20,33,34,40,50,85,95,96,170,193,330,332,610,611,636,739,740,745,762,813,431,461,873,874
332;S;33,34,40,165,331,333
333;S;20,193,245,332
334;S;245,335
335;S;32,35,40,56,93,135,232,329,334,412,499,394,626,351
336;S;143,337,583,454
337;S;34,275,336,338
338;S;21,23,33,96,337,842
339;S;19,491,520
340;S;13,76,204,223,324,489,370
341;S;11,24,32,162,345,346
342;S;21,32,254,291,547,453,929
343;S;1,11,56,141,281,520,421
344;S;1,95,345,737
345;S;341,344
346;S;76,193,310,341
347;S;33,90,95,310,423,390
348;S;33,64,468,469
349;S;20,31,56,85,95,112,113,131,157,193,206,274,304,317,438,772
350;S;136,195,351,612
351;S;1,11,14,19,22,31,32,34,65,72,76,121,122,210,303,335,350,377,378,525,621,391,412,850,532,920,691
352;S;5,21,32,67,648,762
353;S;13,22,32,254,425,501,497
354;S;31,33,76,103,210,888
355;S;1,31,226,356
356;S;11,20,23,76,97,113,232,355,357,558,559,643,647,877
357;S;122,356,880,539
358;S;5,30,122,531
359;S;20,62,105,123,243,697,698,429
360;S;24,33,78,157
361;S;21,362
362;S;21,40,64,88,141,232,361,651,497,824,728,746
363;S;91,143,193,232,395,514,419,872
364;S;91,365
365;S;76,160,364,366,575,454
366;S;17,23,182,365,413,899
367;S;20,33,78,92,152,392
368;S;1,369,377,575,686,687
369;S;32,37,38,132,152,368,370,523
370;I;12,254,340,369
371;S;32,38,62,254,423,715
372;S;32,96
373;S;21,22,67,76,96,106,374,653,883,864
374;S;17,292,373,489
375;S;28,39,76
376;S;1,32,39,76,88,177,463,393
377;S;20,95,306,351,368,425,510,488
378;S;1,32,65,91,185,351,692
379;S;9,91,284,594
380;S;20,219,298,491
381;S;32,78,95,125
382;I;179,383
383;S;17,33,274,382,384,680,809,865
384;S;1,19,31,76,88,141,150,151,181,284,312,383,385,519,461,398,669,917
385;S;1,19,33,34,50,56,153,222,384,454,721,730
386;S;43,196,238,273,510,865
387;S;144,323
388;S;323,389
389;S;1,3,19,23,25,31,65,142,199,388,491,715,457,831,832,512,615,453
390;S;11,20,21,32,40,53,64,76,106,107,150,184,223,232,294,328,347,391,487,693,613,467
391;I;1,13,50,104,136,196,254,351,390,392,673,745,735
392;I;22,76,102,104,125,179,367,391,413,414,672,581
393;S;92,376,394,701
394;S;33,96,335,393
395;S;0,11,363,396
396;S;1,395,876,910
397;S;11,112,209,746
398;S;11,14,182,384,399,816,856,693
399;S;254,398,400,487
400;S;32,399
401;S;32,215,402,820,693,487
402;S;32,401,403,669
403;S;39,49,76,294,402,487
404;S;1,17,23,29,58,59,67,291,422,451,452,487,506,458
405;S;1,77,96,283,292,406,425,474
406;S;21,76,405,610
407;S;11,141,541,542
408;S;1,19,24,40,146,272,316,329,330,480
409;S;21,24,33,40,64,157,172,410,544
410;S;409,411
411;S;213,272,410,626
412;S;64,292,335,351,413,837
413;S;32,33,34,43,56,64,143,366,392,412
414;I;32,38,79,149,157,254,392,563,645,646,857,686,533
415;S;1,20,184,416,651,744
416;S;1,13,32,50,66,91,415,479,815,904,702,923
417;S;11,23,40,66,742,634
418;S;74,219,312,718
419;S;24,62,363,435,436,716
420;S;62,139
421;S;20,33,139,213,324,343,470,566,567,706,862,828
422;I;11,33,404,585
423;S;38,347,371,424,619,694
424;S;11,33,85,95,423,720,756,921
425;S;31,33,50,60,66,96,163,179,282,353,377,405,426,581,758,825
426;S;40,210,266,425,716,562
427;S;266,428
428;S;13,32,76,114,143,206,321,427,429,572,573
429;S;96,359,428,430
430;S;20,200,261,429
431;S;13,331,432,647
432;S;0,11,20,32,33,53,65,76,99,153,157,165,190,193,195,210,431,433,674,664,579,693,700,548,840,684
433;I;22,31,40,64,78,109,113,316,432,434,471,624,495,641
434;S;11,68,134,144,186,323,433,764,495,498
435;S;64,91,134,179,181,419,611,698
436;S;22,29,32,56,299,419,598,632
437;S;21,32,124,144,184,503
438;S;3,23,32,349
439;S;11,16,21,29,64,592,487,641,882,480
440;S;22,316,441,471
441;S;1,13,23,33,40,95,189,440,533,653,558,512
442;S;1,22,32,443,710,516
443;S;11,442,564,837
444;S;11,17,22,125,170,219,322,637,537
445;I;13,22,289,322,326,464
446;S;22,23,96,99,141,455,728
447;I;22,32,284,448,582
448;S;447,449
449;S;20,141,448,582
450;S;88,451,614,468
451;S;70,254,404,450,858,507
452;S;32,76,404,606
453;S;21,32,96,232,342,389,454,780,474
454;S;13,22,23,50,148,201,241,243,324,336,365,385,453,455,534,541,796,735
455;S;33,34,38,64,66,446,454,456,548,898,459,865
456;S;76,455,457,714
457;S;32,88,242,328,389,456,799,664
458;S;20,65,88,404,459,538
459;S;1,11,33,64,95,155,292,304,318,455,458,580,811,484
460;S;11,156,167,219,318,461,676,653
461;S;17,20,32,38,40,50,60,141,183,195,270,331,384,460,489,570
462;I;65,141,463,471
463;S;60,91,376,462,552,489
464;S;292,445
465;S;3,22,31,179,466,567
466;S;138,185,232,465,467,736
467;S;13,32,33,64,161,390,466,875
468;S;161,348,450,577,578,615
469;S;32,122,348,480
470;S;97,421,471,750
471;S;21,23,237,433,440,462,470,817
472;S;23,40,58,178,259,266
473;S;1,13,56,140
474;S;1,14,32,67,101,315,405,453,475,569,544,490
475;S;474,476
476;S;34,475
477;S;20,122
478;S;1,199
479;S;157,245,247,416
480;S;11,64,122,170,266,408,439,469,481,659
481;I;106,480
482;S;23,36,106,125
483;S;49,206
484;S;3,20,50,96,138,174,206,323,459,516,552,681
485;S;11,17,39,50,323,769
486;S;23,59
487;I;11,29,32,60,72,90,91,96,97,122,143,165,193,218,221,261,272,286,307,319,390,399,401,403,404,439,598,599,686,547,734,742
488;S;11,20,64,377,574,770
489;S;8,21,100,340,374,461,463,490,514,522
490;S;1,261,327,474,489,528
491;S;275,339,380,389
492;S;32,40
493;S;13,40,494,568
494;S;142,493
495;S;22,316,433,434
496;S;161,316,324,571,542,702
497;S;32,96,127,161,235,353,362,815,652,854
498;S;1,11,32,80,149,226,323,434,499,631,523,604
499;S;1,20,23,33,67,113,152,202,306,335,498,662,689,754
500;S;306,631,624
501;S;17,65,152,235,353,502
502;S;11,172,501,503
503;I;1,33,76,437,502,843
504;S;14,80,127,184,658,570
505;S;14,20,23,43,190,226,238,286,305,308,548,551,518,770,654,629
506;S;33,34,198,404
507;S;224,451,508,706
508;S;11,21,56,124,507,530,821
509;S;76,140,798,689
510;S;11,76,377,386
511;S;66,219
512;S;33,287,389,441
513;S;21,31,141,196
514;S;196,363,489,551
515;S;34,516,731,732
516;S;24,50,442,484,515
517;S;50,79,607,608
518;I;20,32,36,196,505,797
519;S;22,32,141,157,384
520;I;32,38,64,144,193,339,343,788
521;S;40,142,522,626
522;S;3,489,521,665,617,658
523;S;2,3,13,19,20,24,36,50,76,143,165,172,232,249,280,284,369,498,545,661,782,783,838,899,903,685
524;S;32,254
525;S;62,351,526,896
526;S;1,24,38,88,525,604
527;I;21,65,528,888
528;S;128,295,327,490,527,611
529;S;250,530
530;S;1,165,508,529
531;S;3,358,654,644
532;I;32,92,151,253,254,351,708,692
533;S;78,151,218,246,265,414,441,565
534;S;136,454,537
535;I;1,90,289,830
536;S;181,245,545,696
537;S;11,33,67,124,181,196,198,444,534,744
538;S;91,294,458,539
539;I;76,357,538,716
540;S;67,294
541;S;407,454
542;S;11,34,407,496,597,736
543;S;36,40,60,106,293,544
544;S;1,6,24,88,241,298,304,409,474,543,602,880
545;S;3,32,76,221,254,317,523,536,628,929
546;S;34,291
547;S;179,326,342,487
548;S;22,32,34,54,432,455,505,549
549;S;548,550
550;S;50,268,315,321,549,551
551;S;505,514,550,552
552;S;232,463,484,551
553;S;8,23,56,76,554,707,839,842
554;S;33,64,96,232,254,273,553,555
555;S;33,554
556;S;76,557
557;S;294,312,556,558
558;S;64,272,356,441,557,919
559;S;23,32,291,356,560,918,897
560;S;254,559
561;S;1,34,38,161,174,260
562;S;6,11,114,164,426
563;I;40,76,270,414,564
564;S;19,33,149,207,218,443,563,796
565;S;1,11,33,72,125,533
566;S;1,421
567;S;11,17,181,289,421,465
568;S;32,96,493,569
569;S;286,292,474,568
570;S;11,33,255,461,504,685
571;S;20,32,33,130,194,496,643,842
572;S;36,130,428,610
573;S;91,95,428,574
574;S;149,488,573,724
575;S;21,33,365,368
576;S;1,21
577;S;40,88,210,468
578;S;33,468
579;S;13,23,65,263,323,432,628,896
580;S;76,160,262,281,459,603
581;S;11,32,50,55,58,94,146,170,235,392,425,582,763,764,629,910
582;I;447,449,581,762
583;S;23,33,76,141,261,336,584,690
584;S;11,294,583,645
585;S;5,17,33,78,136,255,422,727
586;S;11,78
587;S;78,232,759,849
588;S;1,20,32,50,113,114
589;I;94,590,689,710
590;S;64,589
591;S;1,32,263,266
592;S;1,122,152,302,316,327,439,653
593;S;17,32,76,638
594;S;24,270,379,933
595;S;254,596
596;S;20,595
597;I;263,542
598;S;40,436,487,631
599;S;40,165,487,679
600;S;24,96
601;S;1,271
602;S;44,544
603;S;95,266,580,604
604;S;22,38,210,498,526,603
605;S;32,38,88,219,263,273,875,876
606;S;151,283,452,881
607;S;262,517
608;S;30,60,95,517
609;S;228,610
610;S;331,406,572,609
611;I;33,331,435,528,704,855
612;S;40,91,350,769
613;S;76,148,233,390,758,644
614;S;113,278,450,709
615;S;1,23,218,389,468,778
616;S;218,269
617;S;75,76,127,522
618;S;20,40,163,644
619;S;137,423,620,714
620;S;30,76,152,619
621;S;11,76,96,351
622;S;11,23,124,654
623;S;32,64,235,253
624;S;11,13,21,33,153,282,433,500
625;S;23,150,213
626;S;335,411,521,627
627;S;3,258,626,876
628;S;262,327,545,579
629;S;22,23,34,261,266,505,581,733
630;S;11,68,161,184,261,781
631;S;16,29,40,262,321,498,500,598,667,650
632;S;11,32,436,633
633;S;109,236,632,634,768,884
634;S;11,32,50,417,633,743
635;S;11,106,210
636;S;11,90,96,144,331,785
637;S;11,22,444,638
638;S;593,637
639;I;17,76
640;S;56,641
641;S;21,433,439,640
642;S;32,61,643,906
643;S;56,152,190,356,571,642
644;S;1,32,531,613,618,660
645;S;414,584
646;S;3,12,32,414
647;S;11,20,56,95,356,431
648;S;11,352
649;S;21,650
650;I;137,631,649,651
651;S;1,34,362,415,650,660
652;S;1,22,38,76,163,497
653;S;21,165,373,441,460,592
654;S;287,505,531,622
655;S;3,68,123,735,759,760
656;S;33,123,321,868
657;S;64,122
658;I;22,24,38,80,93,99,122,254,316,504,522,659
659;S;32,198,232,309,480,658
660;S;102,193,644,651
661;S;1,19,122,241,523,756
662;S;18,499
663;S;40,159
664;S;1,96,186,432,457,665
665;S;13,55,522,664
666;S;55,179
667;S;32,631
668;S;25,93
669;S;1,20,32,384,402,670
670;S;38,197,273,669
671;S;20,21,32,122,193,672,912
672;S;392,671
673;S;32,241,391,674
674;S;21,242,432,673
675;S;5,200
676;S;33,76,232,261,460,751
677;S;1,21,34,678
678;S;326,677
679;S;130,599
680;S;11,143,383,721
681;S;60,90,95,283,302,484,871,684
682;S;23,683
683;S;0,682,684,905
684;S;21,33,432,681,683,818
685;S;50,523,570,930
686;S;22,368,414,487
687;S;32,368
688;S;20,21,210,308
689;S;13,210,219,499,509,589
690;S;64,76,272,583,748
691;S;18,20,33,351
692;S;22,266,378,532
693;S;1,32,36,60,92,96,152,165,219,390,398,401,432,821
694;S;40,152,423,835
695;S;32,152,712,713
696;S;536,697
697;S;359,696
698;S;32,316,359,435
699;S;3,20,32,223
700;S;29,432
701;S;13,152,163,244,315,393
702;I;20,34,122,215,324,416,496,885
703;S;1,13
704;S;23,611
705;S;11,32,33,113,241,271
706;S;88,421,507,707,791,792
707;S;23,283,325,553,706,708
708;S;532,707
709;S;1,32,65,614
710;S;50,225,442,589
711;S;1,24,135,145,170,712
712;S;95,128,165,695,711,926
713;S;22,51,274,695
714;S;23,254,456,619
715;S;33,47,64,228,272,371,389,761
716;S;91,419,426,539
717;S;165,266
718;S;13,183,272,286,418,841
719;S;90,125,183,206
720;S;32,424
721;I;32,385,680,798
722;S;11,64,148,184
723;S;32,40,64,179
724;S;4,50,254,574
725;S;36,50
726;S;11,326
727;S;152,193,225,585,728,887
728;S;76,124,362,446,727,834
729;S;22,40,87,95,127,247
730;S;247,316,385,892
731;S;13,236,515,812,832,833
732;S;91,515
733;S;116,629
734;S;22,40,52,266,487,754
735;S;226,391,454,655
736;S;56,466,542,868
737;S;11,79,164,344
738;S;21,32,85,299,325,878
739;S;36,66,266,331
740;S;141,219,261,331
741;S;11,141,163,193,241,931
742;S;67,76,127,302,417,487
743;S;20,634
744;S;6,20,415,537,783,808
745;S;50,68,161,241,331,391,762,857
746;S;40,362,397,747
747;S;23,122,746,876
748;I;40,76,690,774
749;S;33,299
750;S;234,470
751;S;22,40,265,676
752;S;22,31,245,753
753;S;752,754
754;S;308,499,734,753
755;S;67,85
756;S;424,661
757;S;31,50,64,255
758;S;425,613
759;S;11,21,587,655
760;S;11,281,655,761
761;S;40,60,715,760
762;S;239,331,352,582,745,877
763;S;55,581
764;S;434,581
765;S;28,50,88,766
766;S;88,765
767;S;24,33,52,166
768;S;39,266,633,793
769;S;485,612
770;S;1,91,488,505
771;S;1,95
772;S;198,349
773;S;198
774;S;11,22,748,775
775;S;774,776
776;S;79,775
777;S;20,778
778;S;112,615,777,779
779;S;29,778
780;S;38,50,453,898
781;S;96,630,782,826
782;S;523,781
783;S;174,316,523,744
784;S;32,184,232,240
785;I;21,32,113,305,326,636
786;S;32,76,113,787
787;I;245,786
788;S;316,520
789;I;32,790
790;S;33,34,218,789
791;S;218,706
792;S;266,706
793;S;150,768
794;S;30,259
795;S;32,65,218,858
796;S;11,316,454,564
797;S;32,518
798;I;243,317,509,721
799;S;243,457
800;S;32,122,801,874
801;I;22,800,827,828
802;S;33,38,193,227
803;S;40,62
804;S;22,32,67,88,223,263
805;I;32,76
806;S;11,258
807;S;32,40,96,204
808;S;284,744
809;S;284,383
810;S;33,811
811;S;176,254,459,810
812;S;731,813,872,837
813;S;23,284,331,812
814;S;67,165
815;I;416,497
816;S;13,398
817;S;13,20,22,471
818;S;20,684
819;S;32,122
820;S;91,401
821;S;78,98,508,693
822;S;98,823
823;S;223,232,822,866
824;S;32,362
825;S;161,425
826;S;108,232,272,781
827;S;34,190,199,801
828;S;1,11,50,268,421,801
829;S;23,32,240,902
830;S;141,165,535,867
831;S;33,389
832;S;389,731
833;S;76,731
834;S;291,728
835;I;11,278,694
836;S;207,278
837;S;85,412,443,812
838;S;11,64,523
839;S;20,188,553,933
840;S;0,268,274,432
841;S;210,718
842;S;34,95,326,338,553,571
843;S;503,844
844;S;101,843
845;S;101,846
846;S;50,845
847;S;48,263
848;S;48,50,76,125
849;S;3,206,307,587
850;S;34,351
851;S;20,32
852;S;24,50
853;S;20,24
854;S;113,497
855;S;66,611
856;S;23,76,161,398
857;S;34,123,414,745
858;I;451,795
859;S;20,88
860;S;65,96,106,222
861;S;1,16,31,294
862;S;33,64,421,915
863;S;11
864;S;124,168,170,373
865;S;32,383,386,455
866;S;33,823
867;S;32,830
868;S;50,72,656,736
869;S;29,32,53,152
870;S;50,88
871;S;144,681
872;S;122,307,363,812
873;S;299,331
874;S;331,800
875;S;467,605
876;S;396,605,627,747
877;S;198,356,762,918
878;S;24,64,266,738
879;S;64,76
880;S;229,357,544,934
881;I;32,606
882;S;20,439
883;S;32,219,373,895
884;S;3,157,633,885
885;S;702,884
886;S;40,60
887;S;181,727
888;S;1,60,354,527
889;S;14,76
890;S;22,135
891;S;32,263
892;S;33,730
893;S;33,266
894;S;264,307
895;S;1,883
896;S;525,579
897;S;46,66,228,559
898;S;455,780
899;S;366,523
900;I;13,901
901;S;32,900
902;S;50,829
903;S;11,157,284,523
904;I;33,416
905;S;122,683
906;S;76,642
907;S;67,267
908;S;76,909
909;S;21,908
910;S;21,309,396,581
911;S;50,64,72,152
912;S;261,671
913;S;1,36
914;S;22,32
915;S;283,862
916;S;20,130
917;S;32,384
918;S;559,877
919;S;23,155,558,920
920;S;351,919
921;S;11,181,234,424
922;S;228,245
923;S;50,416
924;S;50,174
925;S;23,76
926;S;18,712
927;S;22,283
928;S;32,266
929;S;342,545
930;S;241,685
931;S;23,741
932;S;91,96
933;S;594,839
934;S;24,880
